"","school","sex","age","address","famsize","Pstatus","Medu","Fedu","Mjob","Fjob","reason","nursery","internet","guardian.x","traveltime.x","studytime.x","failures.x","schoolsup.x","famsup.x","paid.x","activities.x","higher.x","romantic.x","famrel.x","freetime.x","goout.x","Dalc.x","Walc.x","health.x","absences.x","G1.x","G2.x","G3.x","guardian.y","traveltime.y","studytime.y","failures.y","schoolsup.y","famsup.y","paid.y","activities.y","higher.y","romantic.y","famrel.y","freetime.y","goout.y","Dalc.y","Walc.y","health.y","absences.y","G1.y","G2.y","G3.y"
"1",1,1,15,1,1,2,1,1,1,3,2,2,2,2,2,4,1,2,2,2,2,2,1,3,1,2,1,1,1,2,7,10,10,2,2,4,0,2,2,2,2,2,1,3,1,2,1,1,1,4,13,13,13
"2",1,1,15,1,1,2,1,1,3,3,4,1,2,2,1,2,2,2,2,1,1,2,2,3,3,4,2,4,5,2,8,6,5,2,1,2,0,2,2,1,1,2,2,3,3,4,2,4,5,2,13,11,11
"3",1,1,15,1,1,2,2,2,1,3,4,2,1,2,1,1,0,2,2,2,2,2,1,4,3,1,1,1,2,8,14,13,13,2,1,1,0,2,2,1,2,2,1,4,3,1,1,1,2,8,14,13,12
"4",1,1,15,1,1,2,2,4,4,2,1,2,2,2,1,3,0,2,2,2,2,2,1,4,3,2,1,1,5,2,10,9,8,2,1,3,0,2,2,1,2,2,1,4,3,2,1,1,5,2,10,11,10
"5",1,1,15,1,1,2,3,3,4,4,4,2,2,3,2,3,2,1,2,2,2,2,2,4,2,1,2,3,3,8,10,10,10,3,2,3,0,1,2,2,2,2,2,4,2,1,2,3,3,2,13,13,13
"6",1,1,15,1,1,2,3,4,4,2,1,2,2,2,1,3,0,2,2,2,2,2,1,4,3,2,1,1,5,2,12,12,11,2,1,3,0,2,2,1,2,2,1,4,3,2,1,1,5,2,11,12,12
"7",1,1,15,1,1,2,3,4,4,5,1,2,2,1,2,3,2,1,2,1,1,2,2,4,2,2,2,2,5,0,12,0,0,1,2,3,0,1,2,1,1,2,2,4,2,2,2,2,5,0,10,11,12
"8",1,1,15,1,2,2,2,2,2,4,4,2,2,2,2,2,0,2,2,2,1,2,1,4,1,3,1,3,4,2,8,9,8,2,2,2,0,2,2,1,1,2,1,4,1,3,1,3,4,0,11,10,11
"9",1,1,15,1,2,2,3,1,3,3,4,1,2,1,2,4,0,1,2,1,1,2,1,4,4,2,2,3,3,12,16,16,16,1,2,4,0,1,2,1,1,2,1,4,4,2,2,3,3,6,15,15,15
"10",1,1,15,2,1,1,3,3,3,2,4,2,1,1,1,4,0,2,1,1,1,2,1,4,3,3,1,1,4,10,10,11,11,1,1,4,0,2,1,1,1,2,1,4,3,3,1,1,4,10,10,10,10
"11",1,1,15,2,1,1,4,3,4,4,4,2,2,2,1,2,0,1,2,2,2,2,1,4,3,2,1,1,1,0,14,15,15,2,1,2,0,1,2,1,2,2,1,4,3,2,1,1,1,0,15,14,15
"12",1,1,15,2,1,2,1,1,1,3,1,1,2,2,3,1,0,1,2,1,2,2,2,4,3,3,1,2,4,0,8,0,0,2,3,1,0,1,2,1,2,2,2,4,3,3,1,2,4,6,11,12,13
"13",1,1,15,2,1,2,1,1,3,3,2,1,2,1,1,2,0,1,2,1,2,2,1,4,3,2,2,3,4,2,9,10,10,1,1,2,0,1,2,1,2,2,1,4,3,2,2,3,4,2,13,12,12
"14",1,1,15,2,1,2,1,1,3,4,1,2,2,1,1,2,0,1,2,2,1,2,1,4,4,2,1,2,5,0,8,11,11,1,1,2,0,1,2,1,1,2,1,4,4,2,1,2,5,0,12,12,12
"15",1,1,15,2,1,2,1,2,1,3,1,1,2,2,1,2,0,1,2,2,1,2,1,4,3,2,1,1,5,2,10,11,11,2,1,2,0,1,2,1,1,2,1,4,3,2,1,1,5,6,13,12,13
"16",1,1,15,2,1,2,1,2,1,4,1,1,2,2,1,2,0,1,1,1,1,2,1,3,2,3,1,2,1,2,16,15,15,2,1,2,0,1,1,1,1,2,1,3,2,3,1,2,1,0,14,14,14
"17",1,1,15,2,1,2,2,1,4,3,4,2,2,1,3,3,0,1,2,1,2,2,1,5,2,2,1,1,4,4,10,12,12,1,3,3,0,1,2,1,2,2,1,5,2,2,1,1,4,0,10,12,13
"18",1,1,15,2,1,2,2,2,3,3,1,2,2,2,1,4,0,2,2,2,1,2,1,5,1,2,1,1,3,8,7,8,8,2,1,4,0,2,2,1,1,2,1,5,1,2,1,1,3,4,10,10,10
"19",1,1,15,2,1,2,2,3,3,3,3,2,1,1,2,1,0,1,2,1,2,2,1,3,5,1,1,1,5,0,8,7,6,1,2,1,0,1,2,1,2,2,1,3,5,1,1,1,5,4,11,11,11
"20",1,1,15,2,1,2,3,2,2,4,2,2,2,1,1,2,3,1,2,1,1,2,1,3,3,2,1,1,3,0,6,7,0,1,1,2,1,1,2,1,1,2,1,3,3,2,1,1,3,2,11,11,11
"21",1,1,15,2,1,2,3,2,4,3,2,2,2,2,2,2,0,2,2,2,1,2,1,4,3,5,1,1,2,26,7,6,6,2,2,2,0,2,2,1,1,2,1,4,3,5,1,1,2,16,11,10,10
"22",1,1,15,2,1,2,4,2,2,4,2,2,2,2,1,3,0,1,2,2,2,2,2,3,2,2,1,1,5,2,15,14,15,2,1,3,0,1,2,1,2,2,2,3,2,2,1,1,5,0,14,14,14
"23",1,1,15,2,1,2,4,2,3,3,4,2,2,2,1,3,0,1,2,1,2,2,1,5,3,3,1,3,1,4,13,14,14,2,1,3,0,1,2,1,2,2,1,5,3,3,1,3,1,4,15,15,15
"24",1,1,15,2,1,2,4,3,4,3,4,2,2,2,1,1,0,1,1,2,2,2,1,4,5,5,1,3,1,4,16,17,18,2,1,1,0,1,1,1,2,2,1,4,5,5,1,3,1,6,14,13,13
"25",1,1,15,2,1,2,4,4,4,1,1,2,2,2,1,3,0,1,2,1,2,2,2,4,3,3,1,1,5,0,11,0,0,2,1,3,0,1,2,1,2,2,2,4,3,3,1,1,5,4,13,14,15
"26",1,1,15,2,1,2,4,4,4,4,1,2,2,2,1,1,0,2,2,2,1,2,1,3,3,4,2,3,5,0,8,10,11,2,1,1,0,2,2,1,1,2,1,3,3,4,2,3,5,0,13,12,12
"27",1,1,15,2,1,2,4,4,4,4,4,2,2,1,2,2,2,1,1,2,1,2,2,4,4,4,2,3,5,6,7,9,8,1,2,2,0,1,1,1,1,2,2,4,4,4,2,3,5,4,12,11,12
"28",1,1,15,2,1,2,4,4,4,5,3,1,2,1,1,2,1,2,2,1,2,2,1,4,4,4,1,1,3,2,7,7,7,1,1,2,0,2,2,1,2,2,1,4,4,4,1,1,3,2,13,12,12
"29",1,1,15,2,1,2,4,4,5,2,4,2,2,2,1,2,0,1,2,2,1,2,1,3,3,3,1,2,2,0,10,8,9,2,1,2,0,1,2,1,1,2,1,3,3,3,1,2,2,2,14,14,14
"30",1,1,15,2,1,2,4,4,5,4,1,2,2,2,1,3,0,1,2,2,2,2,1,4,2,2,1,1,5,2,9,11,11,2,1,3,0,1,2,1,2,2,1,4,2,2,1,1,5,2,13,13,13
"31",1,1,15,2,1,2,4,4,5,5,1,2,2,2,2,1,0,1,1,1,2,2,1,4,3,2,1,1,5,0,16,16,15,2,2,1,0,1,1,1,2,2,1,4,3,2,1,1,5,6,13,14,14
"32",1,1,15,2,2,1,3,3,3,3,3,2,2,2,1,1,0,1,1,2,1,2,1,5,3,4,4,4,1,6,10,13,13,2,1,1,0,1,1,1,1,2,1,5,3,4,4,4,1,0,13,12,13
"33",1,1,15,2,2,1,3,4,3,3,2,2,2,2,1,2,0,2,1,1,2,2,2,5,3,2,1,1,1,0,7,10,11,2,1,2,0,2,1,1,2,2,2,5,3,2,1,1,1,0,10,11,11
"34",1,1,15,2,2,1,4,3,3,3,1,2,2,2,1,2,0,2,2,2,2,2,2,5,2,2,1,1,5,8,8,8,6,2,1,2,0,2,2,2,2,2,2,5,2,2,1,1,5,4,10,11,11
"35",1,1,15,2,2,2,1,1,1,3,3,2,2,2,1,2,3,2,1,2,1,2,1,4,3,2,2,3,3,10,7,8,10,2,1,2,0,2,1,1,1,2,1,4,3,2,2,3,3,6,12,13,12
"36",1,1,15,2,2,2,3,2,4,3,4,2,2,2,1,2,0,1,2,2,1,2,1,4,4,4,1,1,5,10,7,6,6,2,1,2,0,1,2,1,1,2,1,4,4,4,1,1,5,4,12,11,11
"37",1,1,15,2,2,2,4,2,2,3,3,2,2,2,1,2,0,1,2,2,1,2,1,4,3,3,1,1,5,2,11,13,13,2,1,2,0,1,2,1,1,2,1,4,3,3,1,1,5,0,16,14,16
"38",1,1,15,2,2,2,4,3,4,4,4,2,2,1,1,2,0,2,1,1,2,2,2,4,4,4,2,4,2,0,10,10,10,1,1,2,0,2,1,1,2,2,2,4,4,4,2,4,2,0,13,12,12
"39",1,1,16,1,1,2,2,2,4,4,4,1,2,2,2,4,0,1,2,2,2,2,1,5,3,5,1,1,5,6,10,10,11,2,2,4,0,1,2,1,2,2,1,5,3,5,1,1,5,6,13,13,13
"40",1,1,16,1,1,2,3,3,4,3,4,2,2,1,1,3,1,2,2,1,2,2,1,4,1,2,1,1,2,0,7,10,10,1,1,3,0,2,2,1,2,2,1,4,1,2,1,1,2,4,11,11,11
"41",1,1,16,1,1,2,4,4,2,5,3,2,1,2,1,2,0,1,2,1,2,2,1,2,4,4,2,3,4,6,10,11,11,2,1,2,0,1,2,1,2,2,1,2,4,4,2,3,4,0,17,16,16
"42",1,1,16,2,1,1,2,1,3,3,3,2,2,2,1,2,0,1,1,2,2,2,2,5,3,4,1,1,2,8,8,9,10,2,1,2,0,1,1,1,2,2,2,5,3,4,1,1,2,2,12,13,12
"43",1,1,16,2,1,1,2,2,3,3,4,2,2,2,1,2,0,2,2,2,1,2,1,3,3,4,1,1,4,0,12,13,14,2,1,2,0,2,2,1,1,2,1,3,3,4,1,1,4,0,13,13,13
"44",1,1,16,2,1,1,3,1,4,3,1,2,2,2,1,2,3,1,2,2,1,2,1,2,3,3,2,2,4,5,7,7,7,2,1,2,0,1,2,1,1,2,1,2,3,3,2,2,4,2,11,11,12
"45",1,1,16,2,1,1,3,3,3,3,1,1,2,3,2,1,2,1,2,1,2,2,2,4,3,2,1,1,5,0,4,0,0,3,2,1,0,1,2,1,2,2,2,4,3,2,1,1,5,4,9,9,10
"46",1,1,16,2,1,1,3,4,4,3,1,2,2,1,1,1,0,1,1,1,1,2,1,3,2,1,1,4,5,16,12,11,11,1,1,1,0,1,1,1,1,2,1,3,2,1,1,4,5,12,15,13,14
"47",1,1,16,2,1,2,1,1,1,3,2,2,1,2,2,1,0,1,2,2,1,2,1,4,3,2,1,4,5,6,9,9,10,2,2,1,0,1,2,1,1,2,1,4,3,2,1,4,5,2,12,13,13
"48",1,1,16,2,1,2,1,1,4,4,1,1,2,1,4,1,0,2,2,1,2,2,2,5,5,5,5,5,5,6,10,8,11,1,4,1,0,2,2,1,2,2,2,5,5,5,5,5,5,0,10,10,16
"49",1,1,16,2,1,2,1,3,1,4,2,1,2,2,1,2,3,1,1,1,2,2,2,4,3,5,1,1,3,0,8,7,0,2,1,2,0,1,1,1,2,2,2,4,3,5,1,1,3,0,14,13,13
"50",1,1,16,2,1,2,2,1,3,3,1,2,1,2,1,2,0,1,2,2,1,2,2,4,3,5,1,1,5,2,8,9,10,2,1,2,0,1,2,1,1,2,2,4,3,5,1,1,5,0,13,12,12
"51",1,1,16,2,1,2,2,1,3,3,2,2,2,2,1,1,0,1,1,1,1,2,2,4,5,2,1,1,5,20,13,12,12,2,1,1,0,1,1,1,1,2,2,4,5,2,1,1,5,4,9,10,10
"52",1,1,16,2,1,2,2,2,1,3,2,2,2,2,1,2,1,2,1,1,2,2,1,3,1,2,1,1,5,6,10,13,13,2,1,2,1,2,1,1,2,2,1,3,1,2,1,1,5,12,8,10,10
"53",1,1,16,2,1,2,2,2,3,3,2,1,2,2,1,2,0,1,2,2,1,2,1,5,1,5,1,1,4,0,6,7,0,2,1,2,0,1,2,1,1,2,1,5,1,5,1,1,4,0,12,12,13
"54",1,1,16,2,1,2,2,2,3,3,2,2,2,2,1,2,0,1,1,2,1,2,2,5,4,4,1,1,5,0,8,7,8,2,1,2,0,1,1,1,1,2,2,5,4,4,1,1,5,0,12,11,11
"55",1,1,16,2,1,2,2,2,3,3,4,2,2,2,1,4,0,1,1,2,1,2,2,5,2,3,1,3,3,0,11,11,11,2,1,4,0,1,1,1,1,2,2,5,2,3,1,3,3,1,13,13,13
"56",1,1,16,2,1,2,2,2,4,3,4,1,2,2,2,2,0,1,1,2,2,2,1,3,4,4,1,4,5,2,13,13,11,2,2,2,0,1,1,1,2,2,1,3,4,4,1,4,5,0,13,12,14
"57",1,1,16,2,1,2,2,2,4,4,2,1,2,2,1,1,2,1,2,2,1,2,1,1,2,2,1,3,5,14,6,9,8,2,1,1,0,1,2,1,1,2,1,1,2,2,1,3,5,6,10,11,12
"58",1,1,16,2,1,2,2,3,3,3,4,2,1,2,1,2,0,2,2,2,2,2,1,4,4,3,1,3,4,6,8,10,10,2,1,2,0,2,2,1,2,2,1,4,4,3,1,3,4,4,11,12,12
"59",1,1,16,2,1,2,2,3,4,4,1,2,2,2,1,2,0,1,1,1,1,2,1,4,3,3,1,1,2,10,11,12,13,2,1,2,0,1,1,1,1,2,1,4,3,3,1,1,2,6,12,12,13
"60",1,1,16,2,1,2,2,3,4,5,3,2,2,2,1,2,0,2,1,1,1,2,1,2,3,1,1,1,3,2,16,16,17,2,1,2,0,2,1,1,1,2,1,2,3,1,1,1,3,0,13,13,14
"61",1,1,16,2,1,2,3,1,4,3,1,2,2,2,1,4,0,2,2,2,1,2,1,4,3,3,1,2,5,4,7,7,6,2,1,4,0,2,2,1,1,2,1,4,3,3,1,2,5,0,10,9,10
"62",1,1,16,2,1,2,3,2,3,3,4,2,2,2,1,2,0,1,2,2,1,2,1,1,2,2,1,2,1,14,12,13,12,2,1,2,0,1,2,1,1,2,1,1,2,2,1,2,1,8,14,15,16
"63",1,1,16,2,1,2,3,3,3,3,2,2,1,1,1,2,0,1,2,2,1,2,1,4,3,2,1,2,5,4,6,10,10,1,1,2,0,1,2,1,1,2,1,4,3,2,1,2,5,0,11,13,13
"64",1,1,16,2,1,2,3,3,3,3,2,2,2,2,1,3,0,1,2,2,1,2,2,4,3,3,1,3,4,0,7,7,8,2,1,3,0,1,2,1,1,2,2,4,3,3,1,3,4,2,9,11,11
"65",1,1,16,2,1,2,3,3,3,3,4,2,1,2,3,2,0,2,2,1,2,2,1,5,3,2,1,1,4,4,8,10,10,2,3,2,0,2,2,1,2,2,1,5,3,2,1,1,4,2,13,14,14
"66",1,1,16,2,1,2,3,3,3,4,2,2,2,2,1,2,0,2,2,2,2,2,1,4,3,3,2,4,5,54,11,12,11,2,1,2,0,2,2,1,2,2,1,4,3,3,2,4,5,4,11,11,11
"67",1,1,16,2,1,2,3,4,1,3,1,2,2,2,1,2,0,1,2,1,1,2,1,2,4,3,1,2,3,12,5,5,5,2,1,2,0,1,2,1,1,2,1,2,4,3,1,2,3,14,12,11,11
"68",1,1,16,2,1,2,4,2,2,4,2,2,2,1,1,2,0,1,1,2,1,2,2,4,2,3,1,1,3,0,14,15,16,1,1,2,0,1,1,1,1,2,2,4,2,3,1,1,3,0,17,17,18
"69",1,1,16,2,1,2,4,2,4,3,1,2,2,2,1,2,0,1,2,1,1,2,1,4,2,3,1,1,5,2,15,16,16,2,1,2,0,1,2,2,1,2,1,4,2,3,1,1,5,2,16,15,16
"70",1,1,16,2,1,2,4,2,5,4,2,2,2,2,2,2,0,1,2,2,2,2,1,5,3,3,1,1,1,0,11,10,10,2,2,2,0,1,2,1,2,2,1,5,3,3,1,1,1,2,13,14,14
"71",1,1,16,2,1,2,4,3,2,3,2,2,2,2,1,2,0,1,2,1,2,2,1,4,3,5,1,5,2,2,16,16,16,2,1,2,0,1,2,1,2,2,1,4,3,5,1,5,2,2,14,14,15
"72",1,1,16,2,1,2,4,3,3,1,1,2,2,2,1,3,0,2,2,2,1,2,1,5,3,5,1,1,3,0,7,9,8,2,1,3,0,2,2,1,1,2,1,5,3,5,1,1,3,2,12,13,13
"73",1,1,16,2,1,2,4,3,5,2,2,2,2,2,1,3,0,2,2,2,2,2,1,3,4,4,2,4,4,2,10,9,9,2,1,3,0,2,2,1,2,2,1,3,4,4,2,4,4,0,14,13,13
"74",1,1,16,2,1,2,4,3,5,3,3,2,2,2,1,2,0,1,1,2,2,2,2,1,3,2,1,1,1,10,11,12,13,2,1,2,0,1,1,1,2,2,2,1,3,2,1,1,1,4,14,15,15
"75",1,1,16,2,1,2,4,4,2,2,4,2,2,2,1,2,0,1,2,2,1,2,2,4,4,2,1,1,3,0,14,14,14,2,1,2,0,1,2,1,1,2,2,4,4,2,1,1,3,0,16,16,17
"76",1,1,16,2,1,2,4,4,2,3,2,2,2,2,1,1,0,1,2,1,1,2,1,4,4,4,1,2,2,4,14,14,14,2,1,1,0,1,2,1,1,2,1,4,4,4,1,2,2,6,17,17,17
"77",1,1,16,2,1,2,4,4,3,3,4,1,2,2,1,1,0,1,1,1,2,2,1,5,3,4,1,2,1,6,11,14,14,2,1,1,0,1,1,1,2,2,1,5,3,4,1,2,1,4,12,13,13
"78",1,1,16,2,1,2,4,4,4,4,4,2,2,2,1,3,0,1,2,2,2,2,1,3,2,3,1,2,2,6,13,14,14,2,1,3,0,1,2,1,2,2,1,3,2,3,1,2,2,10,13,13,14
"79",1,1,16,2,1,2,4,4,5,4,2,1,2,2,1,3,0,1,2,1,2,2,1,5,3,2,1,1,5,0,13,13,14,2,1,3,0,1,2,1,2,2,1,5,3,2,1,1,5,4,15,16,16
"80",1,1,16,2,2,1,3,3,3,4,2,2,2,2,1,2,0,1,2,1,1,2,1,2,3,5,1,4,3,12,11,12,11,2,1,2,0,1,2,1,1,2,1,2,3,5,1,4,3,6,13,12,13
"81",1,1,16,2,2,2,1,1,1,1,1,2,2,2,1,1,0,1,1,1,1,2,1,3,4,4,3,3,1,2,14,14,13,2,1,1,0,1,1,1,1,2,1,3,4,4,3,3,1,4,10,11,11
"82",1,1,16,2,2,2,1,2,3,4,4,2,2,1,1,2,0,2,1,1,2,2,1,4,4,3,1,1,1,4,8,10,9,1,1,2,0,2,1,1,2,2,1,4,4,3,1,1,1,0,13,13,10
"83",1,1,16,2,2,2,2,2,1,3,1,2,1,2,1,2,0,1,2,1,1,2,1,4,3,4,1,2,2,4,8,7,6,2,1,2,0,1,2,1,1,2,1,4,3,4,1,2,2,6,13,11,11
"84",1,1,16,2,2,2,2,2,3,1,1,2,2,1,2,2,1,2,1,1,2,2,1,4,3,3,2,2,5,14,10,10,9,1,2,2,1,2,1,1,2,2,1,4,3,3,2,2,5,14,10,11,11
"85",1,1,16,2,2,2,2,2,3,3,2,1,2,2,2,2,1,1,2,1,2,2,2,3,3,3,1,2,3,25,7,10,11,2,2,2,0,1,2,1,2,2,2,3,3,3,1,2,3,16,11,11,10
"86",1,1,16,2,2,2,2,2,4,4,1,2,2,2,3,2,0,1,2,2,1,2,1,4,3,3,2,3,4,2,12,13,13,2,3,2,0,1,2,1,1,2,1,4,3,3,2,3,4,0,14,13,13
"87",1,1,16,2,2,2,2,4,3,2,1,2,2,1,2,2,0,1,2,2,2,2,2,4,2,2,1,2,5,2,13,13,13,1,2,2,0,1,2,1,2,2,2,4,2,2,1,2,5,2,14,12,13
"88",1,1,16,2,2,2,3,1,3,3,2,2,1,1,1,2,0,2,2,1,1,2,1,3,3,3,2,3,2,4,7,6,6,1,1,2,0,2,2,1,1,2,1,3,3,3,2,3,2,0,12,13,12
"89",1,1,16,2,2,2,3,3,3,3,4,2,2,2,2,2,0,1,2,2,2,2,1,4,4,5,1,1,4,4,10,11,9,2,2,2,0,1,2,1,2,2,1,4,4,5,1,1,4,0,14,14,15
"90",1,1,16,2,2,2,4,3,5,4,1,2,2,2,3,2,0,1,2,1,2,2,1,5,4,3,1,2,1,2,16,15,15,2,3,2,0,1,2,1,2,2,1,5,4,3,1,2,1,2,16,15,16
"91",1,1,16,2,2,2,4,4,2,2,3,2,2,2,1,3,0,1,2,2,2,2,2,5,4,5,1,1,4,4,14,15,16,2,1,3,0,1,2,1,2,2,2,5,4,5,1,1,4,2,15,15,14
"92",1,1,16,2,2,2,4,4,5,5,4,2,2,2,1,2,0,1,2,2,1,2,1,4,5,2,1,2,3,0,9,9,10,2,1,2,0,1,2,1,1,2,1,4,5,2,1,2,3,0,11,10,11
"93",1,1,17,1,1,1,3,2,3,3,2,2,2,2,1,2,0,1,2,2,1,2,1,4,3,3,2,3,2,4,9,10,10,2,1,2,0,1,2,1,1,2,1,4,3,3,2,3,2,0,14,14,16
"94",1,1,17,1,1,2,2,1,1,4,1,2,1,2,3,2,0,1,1,1,2,2,1,2,1,1,1,1,3,2,13,11,11,2,3,2,0,1,1,1,2,2,1,2,1,1,1,1,3,2,13,13,13
"95",1,1,17,1,1,2,2,1,1,4,4,2,2,2,2,2,0,1,2,1,2,2,1,4,2,5,1,2,5,2,6,6,6,2,2,2,0,1,2,1,2,2,1,4,2,5,1,2,5,0,11,10,11
"96",1,1,17,1,1,2,2,2,3,3,4,2,2,2,1,1,0,1,2,1,1,2,1,5,3,2,1,2,3,18,7,6,6,2,1,1,0,1,2,1,1,2,1,5,3,2,1,2,3,21,13,13,13
"97",1,1,17,1,1,2,2,4,1,3,1,2,2,1,1,3,0,1,2,1,1,2,2,4,4,3,1,1,5,7,12,14,14,1,1,3,0,1,2,1,1,2,2,4,4,3,1,1,5,0,15,15,15
"98",1,1,17,1,1,2,3,4,1,4,1,1,2,1,1,3,0,1,2,2,2,2,1,4,3,4,2,5,5,0,11,11,10,1,1,3,0,1,2,1,2,2,1,4,3,4,2,5,5,2,15,15,17
"99",1,1,17,1,1,2,4,3,5,3,4,2,2,2,2,3,0,1,2,2,2,2,2,4,4,2,1,1,4,6,7,7,7,2,2,3,0,1,2,1,2,2,2,4,4,2,1,1,4,0,11,12,12
"100",1,1,17,1,2,2,2,2,4,4,1,2,2,2,1,3,0,1,2,2,2,2,1,3,3,2,2,2,3,3,11,11,11,2,1,3,0,1,2,1,2,2,1,3,3,2,2,2,3,0,11,11,10
"101",1,1,17,1,2,2,3,1,4,3,4,2,1,2,2,4,0,1,2,2,1,2,1,3,1,2,1,1,3,6,18,18,18,2,2,4,0,1,2,1,1,2,1,3,1,2,1,1,3,0,18,19,19
"102",1,1,17,1,2,2,4,4,4,3,3,2,1,2,1,1,0,1,2,2,1,2,1,5,2,1,1,2,3,12,8,10,10,2,1,1,0,1,2,1,1,2,1,5,2,1,1,2,3,6,12,11,11
"103",1,1,17,2,1,1,2,1,3,3,1,2,2,2,2,3,0,1,1,1,2,2,2,3,2,3,1,2,3,10,12,10,12,2,2,3,0,1,1,1,2,2,2,3,2,3,1,2,3,0,15,15,16
"104",1,1,17,2,1,1,2,2,1,1,2,2,2,1,1,2,1,1,2,1,1,2,2,3,3,1,1,2,4,0,9,8,0,1,1,2,0,1,2,1,1,2,2,3,3,1,1,2,4,18,10,12,14
"105",1,1,17,2,1,1,3,3,2,3,4,1,2,2,1,2,0,1,2,1,1,2,2,3,3,3,1,3,3,6,8,7,9,2,1,2,0,1,2,1,1,2,2,3,3,3,1,3,3,10,12,13,14
"106",1,1,17,2,1,1,4,3,4,4,1,2,2,2,1,2,0,1,2,2,1,2,2,5,2,2,1,2,5,23,13,13,13,2,1,2,0,1,2,1,1,2,2,5,2,2,1,2,5,14,15,14,17
"107",1,1,17,2,1,1,4,4,3,5,2,2,1,2,2,2,0,2,2,1,1,2,1,4,1,4,1,1,1,6,6,5,6,2,2,2,0,2,2,1,1,2,1,4,1,4,1,1,1,2,10,13,13
"108",1,1,17,2,1,2,1,1,1,3,1,1,2,1,1,2,0,1,2,1,1,2,1,5,3,3,1,1,3,4,5,5,6,1,1,2,0,1,2,1,1,2,1,5,3,3,1,1,3,2,9,11,11
"109",1,1,17,2,1,2,1,1,1,3,4,2,1,2,1,3,1,1,2,1,2,2,2,4,3,4,1,1,5,0,6,5,0,2,1,3,0,1,2,1,2,2,2,4,3,4,1,1,5,12,12,12,12
"110",1,1,17,2,1,2,1,1,1,4,1,2,2,2,1,2,0,1,1,1,2,2,1,5,3,3,1,1,3,0,8,8,9,2,1,2,0,1,1,1,2,2,1,5,3,3,1,1,3,0,12,11,12
"111",1,1,17,2,1,2,1,1,3,3,1,1,1,2,1,2,0,1,2,2,1,2,1,4,4,4,1,3,1,4,9,9,10,2,1,2,0,1,2,1,1,2,1,4,4,4,1,3,1,0,14,15,15
"112",1,1,17,2,1,2,1,1,4,5,4,2,2,2,1,3,0,1,2,2,1,2,1,4,3,3,1,1,3,6,13,12,12,2,1,3,0,1,2,1,1,2,1,4,3,3,1,1,3,0,13,13,14
"113",1,1,17,2,1,2,2,2,1,1,1,2,2,2,1,3,0,1,2,2,2,2,1,4,3,3,1,1,4,4,9,10,10,2,1,3,0,1,2,1,2,2,1,4,3,3,1,1,4,0,12,12,13
"114",1,1,17,2,1,2,2,2,3,3,1,1,2,2,1,2,0,1,2,1,1,2,1,5,4,5,1,2,5,4,10,9,11,2,1,2,0,1,2,1,1,2,1,5,4,5,1,2,5,12,12,12,14
"115",1,1,17,2,1,2,2,2,3,3,1,2,1,2,1,2,0,1,2,1,1,2,2,4,2,2,1,1,3,12,11,9,9,2,1,2,0,1,2,1,1,2,2,4,2,2,1,1,3,4,14,13,13
"116",1,1,17,2,1,2,2,3,1,3,2,2,1,1,2,1,0,1,2,2,1,2,1,3,3,3,1,4,3,3,7,7,8,1,2,1,0,1,2,1,1,2,1,3,3,3,1,4,3,4,12,13,13
"117",1,1,17,2,1,2,2,4,1,2,4,2,2,2,2,2,0,1,2,2,1,2,2,4,3,3,1,1,1,2,10,10,10,2,2,2,0,1,2,1,1,2,2,4,3,3,1,1,1,6,15,16,16
"118",1,1,17,2,1,2,2,4,4,4,4,2,1,1,1,2,0,1,2,1,2,2,1,5,4,2,2,3,5,0,16,17,17,1,1,2,0,1,2,1,2,2,1,5,4,2,2,3,5,0,17,18,17
"119",1,1,17,2,1,2,3,1,4,4,1,1,2,1,1,3,0,1,2,1,1,2,1,3,4,3,2,3,5,1,12,14,15,1,1,3,0,1,2,1,1,2,1,3,4,3,2,3,5,0,17,18,17
"120",1,1,17,2,1,2,3,2,2,2,4,1,2,1,1,4,0,1,2,2,2,2,1,5,2,2,1,2,5,0,17,17,18,1,1,4,0,1,2,1,2,2,1,5,2,2,1,2,5,0,18,18,18
"121",1,1,17,2,1,2,3,2,3,3,1,1,2,2,1,2,0,1,1,1,2,2,1,5,3,4,1,3,3,10,16,15,15,2,1,2,0,1,1,1,2,2,1,5,3,4,1,3,3,2,17,18,17
"122",1,1,17,2,1,2,3,2,3,3,2,2,2,2,1,2,0,1,2,2,1,2,2,4,3,2,2,3,2,0,7,8,0,2,1,2,0,1,2,1,1,2,2,4,3,2,2,3,2,0,12,13,15
"123",1,1,17,2,1,2,3,3,3,3,2,1,1,2,1,3,0,1,1,1,2,2,1,3,2,3,1,1,4,4,10,9,9,2,1,3,0,1,1,1,2,2,1,3,2,3,1,1,4,2,15,12,13
"124",1,1,17,2,1,2,3,4,1,4,2,2,2,2,1,3,1,1,2,2,1,2,2,4,4,3,3,4,5,28,10,9,9,2,1,3,1,1,2,2,1,2,2,4,4,3,3,4,5,14,8,9,8
"125",1,1,17,2,1,2,3,4,4,3,1,2,2,2,1,3,0,1,1,1,1,2,1,4,4,5,1,3,5,16,16,15,15,2,1,3,0,1,1,1,1,2,1,4,4,5,1,3,5,8,11,13,14
"126",1,1,17,2,1,2,4,2,3,3,4,2,2,2,2,3,0,1,2,2,1,2,1,4,3,3,1,1,3,0,15,12,14,2,2,3,0,1,2,1,1,2,1,4,3,3,1,1,3,0,16,16,16
"127",1,1,17,2,1,2,4,3,2,3,4,2,2,2,1,3,0,1,2,2,2,2,2,4,4,3,1,3,4,0,13,15,15,2,1,3,0,1,2,1,2,2,2,4,4,3,1,3,4,0,11,12,13
"128",1,1,17,2,1,2,4,3,2,4,4,2,2,2,1,3,0,1,2,2,1,2,1,4,2,2,1,2,3,0,15,15,15,2,1,3,0,1,2,1,1,2,1,4,2,2,1,2,3,0,17,18,18
"129",1,1,17,2,1,2,4,3,3,3,4,2,2,2,1,2,2,1,1,2,1,2,2,3,4,5,2,4,1,22,6,6,4,2,1,2,0,1,1,1,1,2,2,3,4,5,2,4,1,16,11,9,10
"130",1,1,17,2,1,2,4,4,3,5,1,2,1,2,1,1,0,2,2,1,1,2,2,4,2,1,1,1,4,0,11,11,12,2,1,1,0,2,2,1,1,2,2,4,2,1,1,1,4,0,13,13,13
"131",1,1,17,2,1,2,4,4,4,5,2,2,2,2,2,1,1,1,2,1,1,2,1,4,2,4,2,3,2,24,18,18,18,2,2,1,1,1,2,1,1,2,1,4,2,4,2,3,2,30,14,15,16
"132",1,1,17,2,1,2,4,4,5,4,1,2,2,2,1,3,0,1,2,2,2,2,1,5,4,4,1,3,4,7,10,9,9,2,1,2,0,1,2,2,1,2,2,5,3,1,1,4,5,2,11,11,12
"133",1,1,17,2,1,2,4,4,5,4,1,2,2,2,1,3,0,1,2,2,2,2,1,5,4,4,1,3,4,7,10,9,9,2,1,3,0,1,2,1,2,2,1,5,4,4,1,3,4,0,13,12,13
"134",1,1,17,2,1,2,4,4,5,5,1,1,2,2,2,3,0,1,2,2,1,2,2,4,3,3,1,2,4,4,14,14,14,2,2,3,0,1,2,1,1,2,2,4,3,3,1,2,4,4,15,14,15
"135",1,1,17,2,2,2,0,2,1,1,2,2,2,1,2,3,0,1,1,1,1,2,1,3,3,3,2,3,2,0,16,15,15,1,2,3,0,1,1,1,1,2,1,3,3,3,2,3,2,0,14,14,15
"136",1,1,17,2,2,2,2,2,3,3,1,2,2,1,1,1,0,1,2,1,1,2,2,3,4,4,1,3,5,12,10,13,12,1,1,1,0,1,2,1,1,2,2,3,4,4,1,3,5,2,13,12,12
"137",1,1,17,2,2,2,2,2,4,3,1,2,2,2,2,2,0,2,2,2,1,2,2,4,4,4,2,3,5,6,12,12,12,2,2,2,0,2,2,1,1,2,2,4,4,4,2,3,5,6,12,12,12
"138",1,1,17,2,2,2,2,2,4,4,1,2,2,1,1,4,0,1,1,2,2,2,2,3,4,1,1,1,2,0,10,9,0,1,1,4,0,1,1,1,2,2,2,3,4,1,1,1,2,2,10,11,12
"139",1,1,17,2,2,2,2,4,4,4,1,2,2,1,1,2,0,1,1,1,2,2,2,4,3,2,1,1,5,0,14,15,15,1,1,2,0,1,1,1,2,2,2,4,3,2,1,1,5,8,14,15,16
"140",1,1,17,2,2,2,3,2,3,3,4,2,2,2,2,2,0,1,1,2,1,2,1,4,4,4,1,3,1,2,14,15,15,2,2,2,0,1,1,1,1,2,1,4,4,4,1,3,1,2,14,16,15
"141",1,1,17,2,2,2,3,3,3,3,4,2,2,2,1,2,0,1,2,1,2,2,2,5,3,3,2,3,1,56,9,9,8,2,1,2,0,1,2,1,2,2,2,5,3,3,2,3,1,32,14,13,14
"142",1,1,17,2,2,2,4,2,5,4,4,2,2,2,1,4,0,1,2,2,2,2,1,4,2,3,1,1,4,6,14,12,13,2,1,4,0,1,2,1,2,2,1,4,2,3,1,1,4,2,14,15,17
"143",1,1,17,2,2,2,4,3,2,3,4,2,2,1,1,2,0,1,1,1,2,2,2,3,2,3,1,2,3,14,13,13,14,1,1,2,0,1,1,1,2,2,2,3,2,3,1,2,3,0,14,12,12
"144",1,1,18,1,1,1,3,2,3,4,2,1,2,2,2,2,0,1,1,1,1,1,2,4,1,1,1,1,5,75,10,9,9,2,2,2,0,1,1,1,1,1,2,4,1,1,1,1,5,15,12,9,10
"145",1,1,18,1,1,2,1,1,1,3,1,1,1,2,3,1,3,1,2,1,2,2,1,5,2,5,1,5,4,6,9,8,10,2,3,1,3,1,2,1,2,2,1,5,2,5,1,5,4,6,11,10,11
"146",1,1,18,1,1,2,2,1,3,3,4,2,2,2,2,2,0,1,2,1,1,1,2,4,3,5,1,2,3,0,6,0,0,2,2,2,0,1,2,1,1,1,2,4,3,5,1,2,3,12,8,9,10
"147",1,1,18,1,1,2,2,2,1,3,1,2,1,2,2,4,0,1,1,1,2,2,1,4,4,4,1,1,4,0,10,9,0,2,2,4,0,1,1,1,2,2,1,4,4,4,1,1,4,6,14,13,14
"148",1,1,18,1,1,2,3,1,3,3,4,2,2,2,1,2,1,1,1,1,2,2,2,5,3,3,1,1,4,16,9,8,7,2,1,2,0,1,1,1,2,2,2,5,3,3,1,1,4,4,8,8,8
"149",1,1,18,1,1,2,4,4,5,3,4,2,2,2,2,2,0,1,1,2,2,2,1,4,3,4,2,2,4,8,12,10,11,2,2,2,0,1,1,1,2,2,1,4,3,4,2,2,4,8,10,11,12
"150",1,1,18,1,2,2,1,1,1,3,4,2,1,2,2,4,0,1,2,2,2,2,1,5,2,2,1,1,3,1,12,12,12,2,2,4,0,1,2,1,2,2,1,5,2,2,1,1,3,2,17,17,18
"151",1,1,18,2,1,1,4,4,1,5,1,2,1,2,2,2,0,2,1,1,1,2,1,4,3,4,1,1,3,6,5,6,6,2,2,2,0,2,1,1,1,2,1,4,3,4,1,1,3,4,0,11,11
"152",1,1,18,2,1,2,1,1,3,3,2,2,2,2,2,2,0,2,1,1,2,2,1,5,4,4,1,1,4,4,8,9,10,2,2,2,0,2,1,1,2,2,1,5,4,4,1,1,4,0,12,13,13
"153",1,1,18,2,1,2,1,1,3,3,2,2,2,2,2,2,0,2,1,1,2,2,1,5,4,4,1,1,4,4,8,9,10,2,2,3,0,1,1,1,2,2,1,4,5,5,1,2,2,0,14,14,14
"154",1,1,18,2,1,2,2,1,3,3,1,1,2,3,2,3,0,1,2,2,1,2,2,4,4,4,1,1,3,0,7,0,0,3,2,3,0,1,2,1,1,2,2,4,4,4,1,1,3,10,12,10,11
"155",1,1,18,2,1,2,2,1,4,3,1,2,2,2,2,2,0,1,2,2,2,2,1,5,3,3,1,2,1,0,8,8,0,2,2,2,0,1,2,1,2,2,1,5,3,3,1,2,1,2,12,12,15
"156",1,1,18,2,1,2,2,2,1,1,3,2,2,2,1,3,0,1,2,2,1,2,1,4,3,3,1,2,2,5,18,18,19,2,1,3,0,1,2,1,1,2,1,4,3,3,1,2,2,0,18,18,18
"157",1,1,18,2,1,2,2,2,1,4,2,2,2,2,1,3,0,1,2,2,2,2,2,4,3,3,1,1,3,0,9,10,0,2,1,3,0,1,2,1,2,2,2,4,3,3,1,1,3,0,11,12,13
"158",1,1,18,2,1,2,2,3,1,3,1,2,2,2,1,3,0,1,2,1,1,2,1,4,3,3,1,2,3,4,11,10,10,2,1,3,0,1,2,1,1,2,1,4,3,3,1,2,3,0,11,12,14
"159",1,1,18,2,1,2,2,3,3,4,4,2,2,1,1,4,0,1,2,2,2,2,2,4,5,5,1,3,2,4,15,14,14,1,1,4,0,1,2,1,2,2,2,4,5,5,1,3,2,10,16,16,16
"160",1,1,18,2,1,2,3,2,3,4,3,2,2,2,1,3,0,1,1,1,1,2,2,5,4,3,2,3,1,7,13,13,14,2,1,3,0,1,1,1,1,2,2,5,4,3,2,3,1,4,14,16,17
"161",1,1,18,2,1,2,3,3,4,4,2,2,2,2,1,2,0,1,1,1,2,2,1,5,3,4,1,1,4,0,7,0,0,2,1,2,0,1,1,1,2,2,1,5,3,4,1,1,4,8,10,11,12
"162",1,1,18,2,1,2,4,3,3,3,1,2,2,2,1,3,0,1,2,2,2,2,2,4,3,4,1,1,5,9,9,10,9,2,1,3,0,1,2,1,2,2,2,4,3,4,1,1,5,2,14,15,17
"163",1,1,18,2,1,2,4,3,3,3,4,2,2,1,1,4,0,1,2,2,1,2,1,4,3,3,1,1,3,0,14,13,14,1,1,4,0,1,2,1,1,2,1,4,3,3,1,1,3,0,16,17,17
"164",1,1,18,2,1,2,4,3,4,3,2,2,2,1,1,2,0,1,2,2,1,2,2,3,1,2,1,3,2,21,17,18,18,1,1,2,0,1,2,1,1,2,2,3,1,2,1,3,2,2,15,15,15
"165",1,1,18,2,1,2,4,4,2,2,4,2,2,1,1,2,1,2,2,1,2,2,2,2,4,4,1,1,4,15,9,8,8,1,1,2,1,2,2,1,2,2,2,2,4,4,1,1,4,2,14,12,13
"166",1,1,18,2,1,2,4,4,5,3,1,2,2,2,1,2,0,1,2,2,1,2,1,4,4,4,3,3,5,2,11,11,11,2,1,2,0,1,2,1,1,2,1,4,4,4,3,3,5,0,12,11,13
"167",1,1,18,2,2,1,4,4,2,3,2,2,2,2,1,2,0,1,2,1,1,2,2,4,2,4,1,1,4,14,12,10,11,2,1,2,0,1,2,2,1,2,2,4,2,4,1,1,4,0,14,15,15
"168",1,1,18,2,2,2,1,1,3,3,2,1,1,2,2,2,0,1,2,2,1,2,1,4,4,3,1,1,3,2,11,11,11,2,2,2,0,1,2,1,1,2,1,4,4,3,1,1,3,2,13,13,13
"169",1,1,18,2,2,2,2,2,3,3,2,1,2,3,1,2,0,1,1,1,2,2,2,4,3,3,1,1,2,0,8,8,0,3,1,2,0,1,1,1,2,2,2,4,3,3,1,1,2,0,10,9,12
"170",1,1,18,2,2,2,3,3,4,4,2,2,2,2,1,4,0,1,2,1,1,2,1,5,3,3,1,1,1,7,16,15,17,2,1,4,0,1,2,1,1,2,1,5,3,3,1,1,1,4,14,14,15
"171",1,1,18,2,2,2,4,3,3,3,2,2,2,3,2,2,0,1,2,2,1,2,2,4,4,5,1,2,2,10,10,8,8,3,2,2,0,1,2,1,1,2,2,4,4,5,1,2,2,0,13,14,14
"172",1,1,19,2,1,2,0,1,1,3,1,1,1,3,1,2,3,1,2,1,1,1,1,3,4,2,1,1,5,2,7,8,9,3,1,2,2,1,2,1,1,1,1,3,4,2,1,1,5,0,9,10,11
"173",1,1,19,2,1,2,3,3,3,3,4,2,2,3,1,4,0,1,2,2,2,2,1,4,3,3,1,2,3,10,8,8,8,3,1,4,0,1,2,1,2,2,1,4,3,3,1,2,3,4,12,12,12
"174",1,1,19,2,1,2,3,3,3,4,2,2,2,3,1,2,2,1,2,2,2,2,1,4,3,5,3,3,5,15,9,9,9,3,1,2,0,1,2,1,2,2,1,4,3,5,3,3,5,16,11,12,12
"175",1,1,19,2,1,2,4,4,2,3,4,2,2,3,2,2,0,1,2,2,2,2,1,2,3,4,2,3,2,0,10,9,0,3,2,2,0,1,2,1,2,2,1,2,3,4,2,3,2,2,14,13,13
"176",1,2,15,1,1,2,2,1,2,4,4,2,2,2,1,2,0,1,1,1,2,2,2,5,4,2,1,1,5,8,9,9,9,2,1,2,0,1,1,1,2,2,2,5,4,2,1,1,5,4,10,9,10
"177",1,2,15,1,1,2,2,3,1,4,1,2,1,2,1,2,0,2,1,2,2,2,1,4,4,4,1,1,1,2,11,8,8,2,1,2,0,2,1,2,2,2,1,4,4,4,1,1,1,0,7,8,8
"178",1,2,15,1,1,2,3,4,1,5,1,2,1,2,4,2,0,1,2,1,1,2,2,5,3,3,1,1,5,0,9,0,0,2,4,2,0,1,2,1,1,2,2,5,3,3,1,1,5,2,12,11,11
"179",1,2,15,1,1,2,4,3,5,1,1,2,2,2,1,2,0,1,2,1,2,2,2,4,5,2,1,1,5,0,17,16,16,2,1,2,0,1,2,1,2,2,2,4,5,2,1,1,5,0,13,14,15
"180",1,2,15,1,1,2,4,4,3,3,2,2,2,1,4,4,0,1,2,2,2,2,2,1,3,5,3,5,1,6,10,13,13,1,4,4,0,1,2,1,2,2,2,1,3,5,3,5,1,8,12,10,11
"181",1,2,15,2,1,1,2,2,3,3,2,2,2,3,1,3,0,1,2,1,1,2,2,4,5,2,1,1,3,0,14,16,16,3,1,3,0,1,2,1,1,2,2,4,5,2,1,1,3,0,14,14,15
"182",1,2,15,2,1,1,3,4,4,3,1,2,2,2,1,2,0,1,2,2,2,2,1,5,4,4,1,1,1,0,16,18,18,2,1,2,0,1,2,1,2,2,1,5,4,4,1,1,1,0,16,16,16
"183",1,2,15,2,1,1,4,4,3,4,4,1,2,2,1,4,0,1,2,1,2,2,2,1,3,3,5,5,3,4,13,13,12,2,1,4,0,1,2,1,2,2,2,1,3,3,5,5,3,0,11,12,12
"184",1,2,15,2,1,2,2,2,3,3,2,2,2,2,1,1,0,1,2,2,1,2,1,4,2,2,1,2,5,2,12,12,11,2,1,1,0,1,2,1,1,2,1,4,2,2,1,2,5,8,11,12,12
"185",1,2,15,2,1,2,2,2,4,4,1,2,2,1,1,1,0,2,2,1,1,2,1,5,4,1,1,1,1,0,8,8,11,1,1,1,0,2,2,1,1,2,1,5,4,1,1,1,1,0,9,10,10
"186",1,2,15,2,1,2,2,2,4,4,2,2,2,1,1,4,0,1,2,2,2,2,1,5,5,4,1,2,5,6,16,14,15,1,1,4,0,1,2,1,2,2,1,5,5,4,1,2,5,6,14,13,13
"187",1,2,15,2,1,2,2,3,3,3,2,1,2,2,1,3,0,2,1,2,1,2,1,5,3,2,1,2,5,4,11,10,11,2,1,3,0,2,1,1,1,2,1,5,3,2,1,2,5,2,10,9,9
"188",1,2,15,2,1,2,2,3,3,4,1,1,2,1,1,1,0,2,2,2,2,2,2,3,2,2,1,3,3,2,10,12,12,1,1,1,0,2,2,1,2,2,2,3,2,2,1,3,3,0,11,11,12
"189",1,2,15,2,1,2,3,4,3,3,2,2,2,2,1,2,0,1,2,2,2,2,1,5,5,1,1,1,5,0,14,15,15,2,1,2,0,1,2,1,2,2,1,5,5,1,1,1,5,0,12,12,13
"190",1,2,15,2,1,2,3,4,3,3,4,2,2,1,1,1,0,1,1,1,1,2,1,3,4,3,1,2,4,6,14,13,13,1,1,1,0,1,1,1,1,2,1,3,4,3,1,2,4,2,14,13,14
"191",1,2,15,2,1,2,3,4,4,4,2,2,2,1,1,1,0,2,1,1,1,2,1,5,5,5,3,2,5,0,13,13,12,1,1,1,0,2,1,1,1,2,1,5,5,5,3,2,5,2,9,9,9
"192",1,2,15,2,1,2,4,0,5,3,1,2,2,2,2,4,0,1,1,1,2,2,1,3,4,3,1,1,1,8,11,11,10,2,2,4,0,1,1,1,2,2,1,3,4,3,1,1,1,0,12,11,11
"193",1,2,15,2,1,2,4,2,2,4,3,2,2,2,1,1,0,1,1,2,1,2,1,2,2,4,2,4,1,4,15,16,15,2,1,1,0,1,1,1,1,2,1,2,2,4,2,4,1,0,11,11,11
"194",1,2,15,2,1,2,4,2,3,3,1,2,2,2,1,4,0,1,1,1,1,2,1,3,3,3,1,1,3,0,10,10,10,2,1,4,0,1,1,1,1,2,1,3,3,3,1,1,3,0,11,9,10
"195",1,2,15,2,1,2,4,2,5,3,2,2,1,2,1,2,0,1,2,2,1,2,1,4,3,3,2,2,5,2,15,15,14,2,1,2,0,1,2,1,1,2,1,4,3,3,2,2,5,4,11,12,13
"196",1,2,15,2,1,2,4,3,5,3,1,2,2,2,2,2,0,1,2,2,1,2,1,5,4,3,1,2,3,2,10,10,11,2,2,2,0,1,2,1,1,2,1,5,4,3,1,2,3,0,12,12,13
"197",1,2,15,2,1,2,4,3,5,3,2,2,2,2,1,2,0,1,2,2,2,2,1,4,3,3,2,3,5,6,9,9,10,2,1,2,0,1,2,1,2,2,1,4,3,3,2,3,5,0,11,11,11
"198",1,2,15,2,1,2,4,3,5,3,4,2,2,2,1,2,0,1,1,1,1,2,1,4,4,1,1,1,1,0,13,14,15,2,1,2,0,1,1,1,1,2,1,4,4,1,1,1,1,0,12,13,14
"199",1,2,15,2,1,2,4,3,5,4,1,2,2,1,2,4,0,2,2,1,1,2,1,2,2,2,1,1,3,0,7,9,0,1,2,4,0,2,2,1,1,2,1,2,2,2,1,1,3,6,9,11,11
"200",1,2,15,2,1,2,4,4,2,2,3,2,2,1,1,1,0,1,2,2,1,2,1,5,4,2,1,1,5,0,12,15,15,1,1,1,0,1,2,2,1,2,1,5,4,2,1,1,5,0,11,12,12
"201",1,2,15,2,1,2,4,4,2,4,2,1,2,2,1,2,0,1,2,2,1,2,1,5,4,2,3,4,5,0,9,11,12,2,1,2,0,1,2,2,1,2,1,5,4,2,3,4,5,0,10,11,11
"202",1,2,15,2,1,2,4,4,3,5,4,2,1,1,2,2,0,1,2,1,2,2,1,4,4,3,1,1,2,2,11,13,14,1,2,2,0,1,2,1,2,2,1,4,4,3,1,1,2,4,16,15,16
"203",1,2,15,2,1,2,4,4,4,3,1,1,2,2,1,1,0,1,2,1,2,2,1,5,3,3,1,1,5,4,10,13,14,2,1,1,0,1,2,2,2,2,1,5,3,3,1,1,5,2,12,13,12
"204",1,2,15,2,1,2,4,4,4,4,4,2,2,2,2,2,0,1,2,1,2,2,1,4,3,1,1,1,5,0,17,16,17,2,2,2,0,1,2,1,2,2,1,4,3,1,1,1,5,2,15,15,15
"205",1,2,15,2,1,2,4,4,4,5,1,2,2,1,1,2,0,1,2,1,2,2,1,4,3,3,1,1,5,2,19,18,18,1,1,2,0,1,2,1,2,2,1,4,3,3,1,1,5,0,14,15,15
"206",1,2,15,2,1,2,4,4,5,2,4,2,1,2,1,2,0,1,2,1,2,2,1,3,2,2,1,1,5,4,14,15,15,2,1,2,0,1,2,1,2,2,1,3,2,2,1,1,5,8,15,15,16
"207",1,2,15,2,2,1,2,1,4,3,1,2,2,2,4,1,3,1,1,1,1,2,1,4,5,5,2,5,5,0,8,9,10,2,4,1,0,1,1,1,1,2,1,4,5,5,2,5,5,0,12,11,11
"208",1,2,15,2,2,1,3,2,4,3,2,2,2,2,1,2,0,1,2,2,1,2,1,4,2,2,1,1,1,0,16,18,19,2,1,2,0,1,2,1,1,2,1,4,2,2,1,1,1,0,15,16,17
"209",1,2,15,2,2,1,4,2,2,2,3,2,1,1,2,1,1,1,1,1,1,2,1,5,5,5,3,4,5,6,11,11,10,1,2,1,0,1,1,1,1,2,1,5,5,5,3,4,5,4,10,9,9
"210",1,2,15,2,2,1,4,4,5,5,1,2,2,2,1,1,0,1,1,1,2,2,1,5,5,3,1,1,4,6,18,19,19,2,1,1,0,1,1,1,2,2,1,5,5,3,1,1,4,4,13,14,14
"211",1,2,15,2,2,2,1,2,3,1,2,2,2,1,1,2,0,2,2,1,2,2,1,4,3,2,1,1,5,2,9,10,9,1,1,2,0,2,2,1,2,2,1,4,3,2,1,1,5,0,14,13,14
"212",1,2,15,2,2,2,2,2,4,2,4,2,2,2,1,4,0,1,2,1,2,2,1,4,3,4,1,1,4,6,11,13,14,2,1,4,0,1,2,1,2,2,1,4,3,4,1,1,4,2,11,12,12
"213",1,2,15,2,2,2,2,2,4,4,2,2,2,2,2,2,0,1,1,2,2,2,1,5,3,3,1,3,4,4,15,15,15,2,2,2,0,1,1,2,2,2,1,5,3,3,1,3,4,2,13,12,13
"214",1,2,15,2,2,2,3,3,3,3,1,1,2,2,1,2,0,1,1,1,2,2,1,5,3,2,1,1,2,0,8,10,12,2,1,2,0,1,1,1,2,2,1,5,3,2,1,1,2,0,13,12,12
"215",1,2,15,2,2,2,4,2,5,3,1,2,2,2,1,1,0,1,1,1,1,2,1,3,5,2,1,1,3,10,18,19,19,2,1,1,0,1,1,1,1,2,1,3,5,2,1,1,3,10,18,17,18
"216",1,2,15,2,2,2,4,3,5,4,2,2,2,2,1,3,0,1,2,1,2,2,1,5,4,3,1,1,4,2,15,16,18,2,1,3,0,1,2,1,2,2,1,5,4,3,1,1,4,0,14,14,14
"217",1,2,15,2,2,2,4,4,2,4,1,2,2,1,1,1,0,1,2,2,2,2,1,4,3,3,1,3,5,2,14,14,14,1,1,1,0,1,2,1,2,2,1,4,3,3,1,3,5,0,12,13,12
"218",1,2,15,2,2,2,4,4,5,3,2,1,2,3,1,1,0,1,2,1,1,2,2,5,4,3,2,4,5,8,12,12,12,3,1,1,0,1,2,1,1,2,2,5,4,3,2,4,5,8,10,11,11
"219",1,2,16,1,1,1,4,4,3,5,4,2,2,2,2,3,0,1,2,1,2,2,2,2,4,3,1,1,5,7,15,16,15,2,2,3,0,1,2,1,2,2,2,2,4,3,1,1,5,4,13,13,13
"220",1,2,16,1,1,2,2,1,3,3,1,1,1,2,2,1,0,1,1,1,2,2,1,3,3,2,1,3,3,0,8,9,8,2,2,1,0,1,1,1,2,2,1,3,3,2,1,3,3,2,14,13,12
"221",1,2,16,1,1,2,2,2,1,3,1,1,1,2,3,1,0,1,1,1,1,2,1,4,2,2,1,2,3,2,17,15,15,2,3,1,0,1,1,1,1,2,1,4,2,2,1,2,3,4,12,10,11
"222",1,2,16,1,1,2,3,3,4,4,4,2,2,2,1,1,0,1,2,1,2,2,1,4,3,2,3,4,5,8,8,9,10,2,1,1,0,1,2,1,2,2,1,4,3,2,3,4,5,0,11,10,10
"223",1,2,16,1,1,2,4,2,5,4,3,2,2,2,1,1,0,1,2,1,2,2,2,4,3,3,3,4,3,10,10,8,9,2,1,1,0,1,2,1,2,2,2,4,3,3,3,4,3,8,10,9,11
"224",1,2,16,1,1,2,4,3,4,3,4,1,2,2,2,1,0,2,2,1,2,2,1,3,3,3,1,1,4,2,11,15,15,2,2,1,0,2,2,2,2,2,1,3,3,3,1,1,4,6,9,11,11
"225",1,2,16,1,1,2,4,4,5,5,1,2,2,2,1,1,0,1,1,2,2,2,1,3,5,5,2,5,4,8,18,18,18,2,1,1,0,1,1,1,2,2,1,3,5,5,2,5,4,8,14,14,15
"226",1,2,16,1,2,2,3,3,5,3,2,2,2,1,3,1,0,1,2,2,2,2,1,3,3,4,3,5,3,8,9,9,10,1,3,1,0,1,2,1,2,2,1,3,3,4,3,5,3,16,10,11,12
"227",1,2,16,2,1,2,0,2,3,3,3,1,2,2,1,1,0,1,1,2,1,2,1,4,3,2,2,4,5,0,13,15,15,2,1,1,0,1,1,1,1,2,1,4,3,2,2,4,5,0,11,12,11
"228",1,2,16,2,1,2,1,0,3,3,4,2,2,2,2,2,0,1,2,2,2,2,2,4,3,2,1,1,3,2,13,15,16,2,2,2,0,1,2,1,2,2,2,4,3,2,1,1,3,0,16,17,18
"229",1,2,16,2,1,2,1,2,4,4,3,2,2,2,1,1,0,1,2,2,2,2,2,3,3,3,1,2,3,2,11,12,11,2,1,1,0,1,2,1,2,2,2,3,3,3,1,2,3,0,10,9,11
"230",1,2,16,2,1,2,2,1,3,3,1,2,2,2,3,1,0,1,1,1,1,2,1,4,3,3,1,1,4,6,18,18,18,2,3,1,0,1,1,1,1,2,1,4,3,3,1,1,4,7,15,16,16
"231",1,2,16,2,1,2,2,2,3,3,1,2,2,1,1,2,0,1,1,1,1,1,1,4,3,5,2,4,4,4,10,10,10,1,1,2,0,1,1,1,1,1,1,4,3,5,2,4,4,0,9,10,11
"232",1,2,16,2,1,2,2,2,4,3,4,1,2,1,2,2,1,1,1,2,2,2,1,4,4,2,1,1,3,12,11,10,10,1,2,2,0,1,1,1,2,2,1,4,4,2,1,1,3,6,12,10,11
"233",1,2,16,2,1,2,2,3,3,3,2,2,2,1,2,1,0,1,1,1,1,2,1,5,3,3,1,1,3,0,13,14,14,1,2,1,0,1,1,1,1,2,1,5,3,3,1,1,3,0,13,12,12
"234",1,2,16,2,1,2,3,1,3,3,4,2,1,2,1,1,0,1,1,1,2,2,1,5,3,2,2,2,5,2,12,12,14,2,1,1,0,1,1,1,2,2,1,5,3,2,2,2,5,0,13,13,14
"235",1,2,16,2,1,2,3,1,3,3,4,2,2,1,2,4,0,1,2,2,1,2,1,4,3,2,1,1,5,0,13,15,15,1,2,4,0,1,2,1,1,2,1,4,3,2,1,1,5,2,13,11,11
"236",1,2,16,2,1,2,3,2,1,3,4,2,2,2,2,3,0,1,1,1,2,2,2,5,3,3,1,3,2,10,11,9,10,2,2,3,0,1,1,1,2,2,2,5,3,3,1,3,2,0,12,12,12
"237",1,2,16,2,1,2,3,2,3,3,2,1,2,2,1,1,0,1,2,2,1,2,1,5,4,3,1,1,5,0,12,14,15,2,1,1,0,1,2,1,1,2,1,5,4,3,1,1,5,4,12,12,12
"238",1,2,16,2,1,2,3,3,1,3,4,1,2,3,3,2,0,2,2,1,1,2,1,5,3,3,1,3,2,6,7,10,10,3,3,2,1,2,2,1,1,2,1,5,3,3,1,3,2,4,9,11,10
"239",1,2,16,2,1,2,3,3,3,4,1,2,2,1,1,2,1,1,2,2,1,2,2,4,5,5,4,4,5,4,10,12,12,1,1,2,1,1,2,1,1,2,2,4,5,5,4,4,5,0,10,10,1
"240",1,2,16,2,1,2,3,3,3,4,2,2,2,1,2,1,0,1,1,1,2,2,1,5,4,2,1,1,5,0,13,14,13,1,2,1,0,1,1,1,2,2,1,5,4,2,1,1,5,6,14,14,15
"241",1,2,16,2,1,2,3,3,4,3,2,2,2,1,1,3,0,1,2,1,2,2,1,5,3,3,1,1,5,2,16,18,18,1,1,3,0,1,2,1,2,2,1,5,3,3,1,1,5,4,13,14,14
"242",1,2,16,2,1,2,3,3,4,3,2,2,2,1,1,3,0,1,2,1,2,2,1,5,3,3,1,1,5,2,16,18,18,2,1,2,0,1,1,1,2,2,2,4,2,3,1,2,3,0,11,12,13
"243",1,2,16,2,1,2,3,3,4,3,2,2,2,2,1,2,0,1,1,2,2,2,2,4,2,3,1,2,3,2,12,13,12,1,1,3,0,1,2,1,2,2,1,5,3,3,1,1,5,4,13,14,14
"244",1,2,16,2,1,2,3,3,4,3,2,2,2,2,1,2,0,1,1,2,2,2,2,4,2,3,1,2,3,2,12,13,12,2,1,2,0,1,1,1,2,2,2,4,2,3,1,2,3,0,11,12,13
"245",1,2,16,2,1,2,3,4,3,3,1,1,2,1,3,1,2,1,2,1,2,2,1,3,4,5,2,4,2,0,6,5,0,1,3,1,1,1,2,1,2,2,1,3,4,5,2,4,2,4,9,9,10
"246",1,2,16,2,1,2,4,3,2,4,4,2,2,2,1,4,0,1,1,1,2,2,1,4,2,2,1,1,2,4,19,19,20,2,1,4,0,1,1,1,2,2,1,4,2,2,1,1,2,2,17,17,17
"247",1,2,16,2,1,2,4,3,5,3,2,2,2,2,1,2,0,1,2,2,2,2,1,3,4,3,2,3,3,10,9,8,8,2,1,2,0,1,2,2,2,2,1,3,4,3,2,3,3,4,11,10,11
"248",1,2,16,2,1,2,4,4,2,3,1,2,2,2,1,1,0,1,2,1,2,2,1,3,4,4,1,4,5,18,14,11,13,2,1,1,0,1,2,1,2,2,1,3,4,4,1,4,5,4,12,13,13
"249",1,2,16,2,1,2,4,4,2,3,4,2,2,1,1,2,0,1,2,2,2,2,1,4,2,4,2,4,1,2,14,13,13,1,1,2,0,1,2,1,2,2,1,4,2,4,2,4,1,0,13,13,14
"250",1,2,16,2,1,2,4,4,4,4,1,2,2,2,1,1,0,1,1,1,2,2,1,5,3,2,1,2,5,0,13,12,12,2,1,1,0,1,1,2,2,2,1,5,3,2,1,2,5,4,14,15,15
"251",1,2,16,2,1,2,4,4,4,4,1,2,2,2,1,1,0,1,1,1,2,2,1,5,3,2,1,2,5,0,13,12,12,2,1,3,0,1,2,1,2,2,1,5,3,3,1,3,5,0,15,13,13
"252",1,2,16,2,1,2,4,4,4,4,3,2,2,2,1,1,0,2,2,2,2,2,1,4,5,5,5,5,4,14,7,7,5,2,1,1,0,2,2,1,2,2,1,4,5,5,5,5,4,12,9,9,8
"253",1,2,16,2,1,2,4,4,4,5,3,2,2,1,1,3,0,1,2,1,2,2,2,4,4,3,1,1,4,0,16,17,17,1,1,3,0,1,2,1,2,2,2,4,4,3,1,1,4,0,16,16,16
"254",1,2,16,2,1,2,4,4,5,5,1,2,2,2,1,1,0,1,2,1,1,1,2,3,3,2,2,1,5,0,7,6,0,1,1,2,0,1,2,1,2,2,1,5,4,4,1,2,5,6,16,14,14
"255",1,2,16,2,1,2,4,4,5,5,1,2,2,2,1,1,0,1,2,1,1,1,2,3,3,2,2,1,5,0,7,6,0,2,1,1,0,1,2,1,1,1,2,3,3,2,2,1,5,16,9,9,8
"256",1,2,16,2,1,2,4,4,5,5,1,2,2,1,1,2,0,1,2,1,2,2,1,5,4,4,1,2,5,2,15,15,16,1,1,2,0,1,2,1,2,2,1,5,4,4,1,2,5,6,16,14,14
"257",1,2,16,2,1,2,4,4,5,5,1,2,2,1,1,2,0,1,2,1,2,2,1,5,4,4,1,2,5,2,15,15,16,2,1,1,0,1,2,1,1,1,2,3,3,2,2,1,5,16,9,9,8
"258",1,2,16,2,1,2,4,4,5,5,2,2,2,2,1,2,0,1,2,2,2,2,2,4,4,5,5,5,5,16,10,12,11,2,1,2,0,1,2,2,2,2,2,4,4,5,5,5,5,4,12,11,12
"259",1,2,16,2,2,1,3,4,4,3,2,2,2,2,1,2,0,2,2,1,2,2,1,5,3,3,1,1,5,4,11,11,11,2,1,2,0,2,2,2,2,2,1,5,3,3,1,1,5,2,12,12,13
"260",1,2,16,2,2,1,4,4,5,2,4,2,1,2,1,2,0,1,2,1,1,2,1,4,1,3,3,5,5,18,8,6,7,2,1,2,0,1,2,1,1,2,1,4,1,3,3,5,5,6,9,9,10
"261",1,2,16,2,2,2,1,1,3,3,2,2,2,2,2,2,0,1,2,2,1,2,1,3,4,2,1,1,5,18,9,7,6,2,2,2,0,1,2,1,1,2,1,3,4,2,1,1,5,2,9,9,9
"262",1,2,16,2,2,2,1,1,4,3,1,2,1,2,1,2,1,1,1,1,1,2,2,4,4,4,1,3,5,0,14,12,12,2,1,2,2,1,1,1,1,2,2,4,4,4,1,3,5,0,10,10,10
"263",1,2,16,2,2,2,2,1,1,3,1,2,1,2,1,1,1,1,1,1,2,2,2,4,4,4,3,5,5,6,12,13,14,2,1,1,1,1,1,1,2,2,2,4,4,4,3,5,5,6,9,10,10
"264",1,2,16,2,2,2,2,1,3,3,1,2,2,2,1,2,0,1,1,2,2,2,2,4,2,3,1,2,5,0,15,15,15,2,1,2,0,1,1,1,2,2,2,4,2,3,1,2,5,0,13,14,16
"265",1,2,16,2,2,2,2,2,3,3,2,2,2,2,1,2,0,1,1,1,1,2,1,4,4,4,1,1,3,0,12,12,11,2,1,2,0,1,1,1,1,2,1,4,4,4,1,1,3,0,13,12,13
"266",1,2,16,2,2,2,2,2,3,3,4,2,2,2,2,2,0,1,2,1,2,2,1,5,4,4,2,4,5,0,13,13,12,2,2,2,0,1,2,1,2,2,1,5,4,4,2,4,5,2,10,10,10
"267",1,2,16,2,2,2,2,2,4,4,4,2,2,1,2,1,2,1,2,1,2,2,1,2,3,3,2,2,2,8,9,9,9,1,2,1,0,1,2,1,2,2,1,2,3,3,2,2,2,4,12,11,11
"268",1,2,16,2,2,2,4,2,5,3,1,2,2,2,1,2,0,1,1,1,2,2,1,4,5,1,1,3,5,2,15,15,16,2,1,2,0,1,1,1,2,2,1,4,5,1,1,3,5,0,12,13,14
"269",1,2,16,2,2,2,4,3,2,3,2,2,2,1,1,1,0,1,1,2,2,2,1,3,1,3,1,3,5,4,8,10,10,1,1,1,0,1,1,1,2,2,1,3,1,3,1,3,5,6,12,12,12
"270",1,2,16,2,2,2,4,3,4,3,4,2,2,2,1,2,0,1,2,2,2,2,1,5,4,2,1,2,5,10,15,15,15,2,1,2,0,1,2,1,2,2,1,5,4,2,1,2,5,6,12,12,13
"271",1,2,16,2,2,2,4,3,5,3,1,1,2,2,1,1,0,1,1,1,2,2,1,5,4,5,1,1,3,0,6,0,0,2,1,1,0,1,1,1,2,2,1,5,4,5,1,1,3,7,14,14,15
"272",1,2,17,1,1,2,1,2,1,1,2,1,1,2,1,2,0,1,2,2,2,2,2,3,5,2,2,2,1,2,15,14,14,2,1,2,0,1,2,1,2,2,2,3,5,2,2,2,1,2,16,17,18
"273",1,2,17,1,1,2,1,2,1,3,2,2,1,2,1,2,0,1,1,1,1,2,1,3,1,3,1,5,3,4,8,9,10,2,1,2,0,1,1,1,1,2,1,3,1,3,1,5,3,6,9,9,10
"274",1,2,17,1,1,2,1,3,3,3,1,2,2,1,3,2,1,1,2,1,2,2,1,5,2,4,1,4,5,20,9,7,8,1,3,2,1,1,2,1,2,2,1,5,2,4,1,4,5,14,12,11,11
"275",1,2,17,1,1,2,2,1,3,3,1,1,2,2,1,1,0,1,1,1,1,2,1,4,4,2,2,4,5,0,8,12,12,2,1,1,0,1,1,1,1,2,1,4,4,2,2,4,5,0,12,12,13
"276",1,2,17,1,1,2,2,2,3,3,1,2,2,1,2,2,0,1,2,2,2,2,1,4,5,2,1,1,1,4,11,11,11,1,2,2,0,1,2,1,2,2,1,4,5,2,1,1,1,0,12,13,13
"277",1,2,17,1,1,2,2,2,4,3,1,2,2,2,4,1,0,1,2,1,1,2,1,4,4,5,5,5,4,8,11,10,10,2,4,1,0,1,2,1,1,2,1,4,4,5,5,5,4,2,11,10,10
"278",1,2,17,1,1,2,3,4,1,3,1,2,1,2,3,2,0,1,1,1,1,2,1,5,4,5,2,4,5,0,10,0,0,2,3,2,0,1,1,1,1,2,1,5,4,5,2,4,5,2,10,9,10
"279",1,2,17,1,2,1,4,4,5,3,1,2,2,2,2,2,0,1,2,2,1,2,1,3,3,3,2,3,4,2,10,11,12,2,2,2,0,1,2,1,1,2,1,3,3,3,2,3,4,0,12,12,12
"280",1,2,17,1,2,2,1,1,3,4,1,2,1,2,4,2,3,1,1,1,2,1,2,5,3,5,1,5,5,0,5,8,7,2,4,2,0,1,1,1,2,1,2,5,3,5,1,5,5,0,8,8,8
"281",1,2,17,1,2,2,1,2,3,3,4,2,1,2,1,1,0,1,1,1,1,2,1,2,2,2,3,3,5,8,16,12,13,2,1,1,3,1,1,1,1,2,1,2,2,2,3,3,5,14,9,8,10
"282",1,2,17,1,2,2,2,1,1,3,1,2,2,2,2,1,2,1,1,1,2,1,2,3,3,2,2,2,5,0,7,6,0,2,2,1,1,1,1,2,2,1,2,3,3,2,2,2,5,8,8,8,9
"283",1,2,17,2,1,2,1,1,3,3,4,1,2,1,1,2,0,1,1,2,1,2,1,4,3,3,1,2,4,2,12,10,11,1,1,2,0,1,1,1,1,2,1,4,3,3,1,2,4,0,12,12,12
"284",1,2,17,2,1,2,1,2,1,4,3,1,2,3,2,2,0,1,1,2,2,2,1,4,4,4,4,5,5,12,7,8,8,3,2,2,0,1,1,1,2,2,1,4,4,4,4,5,5,16,10,11,12
"285",1,2,17,2,1,2,2,1,3,3,2,2,2,2,1,1,3,1,2,1,1,2,1,5,4,5,1,2,5,0,5,0,0,2,2,1,3,2,2,1,2,1,1,4,5,1,1,1,3,0,9,9,10
"286",1,2,17,2,1,2,2,1,3,3,2,2,2,2,1,1,3,1,2,1,1,2,1,5,4,5,1,2,5,0,5,0,0,2,1,1,0,1,2,1,1,2,1,5,4,5,1,2,5,22,9,7,6
"287",1,2,17,2,1,2,2,1,3,3,2,2,2,2,2,1,3,2,2,1,2,1,1,4,5,1,1,1,3,2,8,8,10,2,2,1,3,2,2,1,2,1,1,4,5,1,1,1,3,0,9,9,10
"288",1,2,17,2,1,2,2,1,3,3,2,2,2,2,2,1,3,2,2,1,2,1,1,4,5,1,1,1,3,2,8,8,10,2,1,1,0,1,2,1,1,2,1,5,4,5,1,2,5,22,9,7,6
"289",1,2,17,2,1,2,2,3,3,3,1,2,2,1,2,1,0,1,1,1,1,2,1,5,2,2,1,1,2,4,12,12,13,1,2,1,0,1,1,1,1,2,1,5,2,2,1,1,2,2,9,12,13
"290",1,2,17,2,1,2,3,1,4,3,3,2,2,2,1,2,0,1,1,2,2,2,2,5,4,4,3,4,5,2,9,9,10,2,1,2,0,1,1,1,2,2,2,5,4,4,3,4,5,0,11,11,14
"291",1,2,17,2,1,2,3,2,4,4,1,2,2,2,1,1,3,1,2,1,2,2,1,5,5,5,2,4,5,16,6,5,5,2,1,1,3,1,2,2,2,2,1,5,5,5,2,4,5,2,8,8,7
"292",1,2,17,2,1,2,3,3,2,3,2,2,2,2,1,1,0,1,2,2,1,2,1,4,4,3,1,3,5,4,14,12,11,2,1,1,0,1,2,1,1,2,1,4,4,3,1,3,5,0,14,15,15
"293",1,2,17,2,1,2,3,3,3,3,4,1,2,1,1,2,0,1,1,1,2,2,1,4,3,4,1,4,4,4,6,5,6,1,1,2,0,1,1,1,2,2,1,4,3,4,1,4,4,4,11,9,10
"294",1,2,17,2,1,2,3,3,3,4,4,1,2,2,1,1,0,1,1,1,2,2,1,4,3,5,3,5,5,3,14,15,16,2,1,1,0,1,1,1,2,2,1,4,3,5,3,5,5,0,17,18,17
"295",1,2,17,2,1,2,3,3,4,4,3,2,2,2,1,2,0,1,2,1,2,2,2,4,3,4,2,3,4,12,12,12,11,2,1,2,0,1,2,1,2,2,2,4,3,4,2,3,4,6,11,13,14
"296",1,2,17,2,1,2,4,3,3,3,1,2,2,2,1,2,0,1,2,1,2,2,2,5,2,3,1,1,2,4,10,10,11,2,1,2,0,1,2,2,2,2,2,5,2,3,1,1,2,4,11,11,13
"297",1,2,17,2,1,2,4,4,4,5,2,2,2,2,1,1,0,1,1,1,1,2,1,5,2,3,1,2,5,4,17,15,16,2,1,1,0,1,1,1,1,2,1,5,2,3,1,2,5,4,13,13,14
"298",1,2,17,2,1,2,4,4,5,5,4,2,2,2,1,2,0,2,2,1,2,2,2,4,5,5,1,3,2,14,11,9,9,2,1,2,0,2,2,1,2,2,2,4,5,5,1,3,2,0,13,13,13
"299",1,2,17,2,2,1,3,2,5,4,2,2,2,2,1,1,1,1,1,1,1,2,1,4,4,4,3,4,3,19,11,9,10,2,1,1,0,1,1,1,1,2,1,4,4,4,3,4,3,18,13,13,13
"300",1,2,17,2,2,1,4,1,4,3,2,2,2,2,2,1,0,1,1,2,2,2,2,4,5,4,2,4,5,30,8,8,8,2,2,1,0,1,1,1,2,2,2,4,5,4,2,4,5,22,11,11,10
"301",1,2,17,2,2,2,1,1,2,3,1,2,2,2,2,1,1,1,2,1,2,2,1,4,4,4,1,2,5,2,7,9,8,2,2,1,1,1,2,1,2,2,1,4,4,4,1,2,5,0,9,10,10
"302",1,2,17,2,2,2,2,2,3,3,2,1,2,1,1,2,0,1,1,2,2,2,2,4,4,2,5,5,4,4,14,13,13,1,1,2,0,1,1,1,2,2,2,4,4,2,5,5,4,0,16,16,16
"303",1,2,17,2,2,2,2,3,4,4,4,1,2,1,1,2,0,1,2,2,1,2,1,5,3,3,1,3,3,2,12,11,12,1,1,2,0,1,2,1,1,2,1,5,3,3,1,3,3,0,10,11,11
"304",1,2,17,2,2,2,4,3,2,3,1,2,2,2,2,2,0,1,1,1,2,2,2,2,5,5,1,4,5,14,12,12,12,2,2,2,0,1,1,1,2,2,2,2,5,5,1,4,5,8,15,15,15
"305",1,2,17,2,2,2,4,3,5,3,1,2,2,2,2,2,0,1,1,2,2,2,1,4,4,4,4,4,4,4,10,9,9,2,2,2,0,1,1,1,2,2,1,4,4,4,4,4,4,0,10,11,11
"306",1,2,17,2,2,2,4,4,3,5,2,2,2,1,2,1,0,1,1,2,1,2,1,4,1,1,2,2,5,0,11,11,10,1,2,1,0,1,1,1,1,2,1,4,1,1,2,2,5,0,12,13,13
"307",1,2,17,2,2,2,4,4,4,3,2,2,2,2,1,2,0,1,2,2,1,2,2,5,3,5,4,5,3,13,12,12,13,2,1,2,0,1,2,1,1,2,2,5,3,5,4,5,3,15,13,12,12
"308",1,2,17,2,2,2,4,4,5,3,4,2,2,2,1,2,0,1,2,2,2,2,1,4,4,4,1,3,5,0,13,11,10,2,1,2,0,1,2,1,2,2,1,4,4,4,1,3,5,0,11,9,10
"309",1,2,18,1,1,2,3,2,3,3,1,1,1,2,1,3,0,1,1,1,2,2,1,5,3,2,1,1,3,1,13,12,12,2,1,3,0,1,1,1,2,2,1,5,3,2,1,1,3,2,10,11,12
"310",1,2,18,1,1,2,4,3,5,4,1,2,2,2,1,3,0,1,1,1,1,2,2,5,3,2,1,2,4,9,16,15,16,2,1,3,0,1,1,1,1,2,2,5,3,2,1,2,4,4,15,14,17
"311",1,2,18,1,2,1,3,4,3,3,4,2,2,2,2,2,0,1,2,2,2,2,1,4,2,5,3,4,1,13,17,17,17,2,2,2,0,1,2,1,2,2,1,4,2,5,3,4,1,6,15,16,16
"312",1,2,18,1,2,2,3,2,4,3,4,2,2,2,2,3,0,1,2,2,2,2,1,5,4,2,1,1,4,8,14,13,14,2,2,3,0,1,2,1,2,2,1,5,4,2,1,1,4,0,14,15,15
"313",1,2,18,1,2,2,3,3,3,4,1,2,2,2,1,2,1,1,2,1,1,2,2,4,3,3,1,3,5,8,3,5,5,2,1,2,0,1,2,1,1,2,2,4,3,3,1,3,5,8,10,9,10
"314",1,2,18,2,1,2,2,1,3,3,2,2,2,2,1,2,0,1,1,1,2,2,1,5,2,4,1,2,4,8,15,14,14,2,1,2,0,1,1,1,2,2,1,5,2,4,1,2,4,2,16,16,16
"315",1,2,18,2,1,2,2,1,4,4,3,1,2,2,1,1,1,1,1,1,1,1,1,3,2,5,2,5,5,4,6,9,8,2,1,1,2,1,1,1,1,1,1,3,2,5,2,5,5,4,7,8,6
"316",1,2,18,2,1,2,2,1,4,4,4,2,2,2,1,3,0,1,1,2,2,2,1,4,2,4,1,3,2,6,15,14,14,2,1,3,0,1,1,1,2,2,1,4,2,4,1,3,2,0,14,15,15
"317",1,2,18,2,1,2,2,2,3,3,2,2,2,2,2,2,0,1,2,2,1,2,1,3,3,3,5,5,4,0,12,13,13,2,2,2,3,1,2,2,1,2,1,3,3,3,5,5,4,9,10,9,10
"318",1,2,18,2,1,2,2,2,3,4,4,2,2,1,1,2,1,1,1,1,1,1,1,5,5,4,3,5,2,0,7,7,0,1,1,2,0,1,1,1,1,1,1,5,5,4,3,5,2,16,8,7,8
"319",1,2,18,2,1,2,2,2,4,3,2,2,2,2,1,2,1,1,2,2,2,2,1,4,4,4,2,4,5,15,6,7,8,2,1,2,0,1,2,1,2,2,1,4,4,4,2,4,5,10,12,11,11
"320",1,2,18,2,1,2,3,2,4,3,1,2,2,2,2,1,1,1,1,1,1,1,1,4,4,5,2,4,5,0,6,8,8,2,2,1,0,1,1,1,1,1,1,4,4,5,2,4,5,8,7,8,7
"321",1,2,18,2,1,2,4,2,2,3,4,2,2,1,1,2,0,1,2,2,2,2,2,5,4,5,1,3,5,10,10,9,10,1,1,2,0,1,2,1,2,2,2,5,4,5,1,3,5,4,10,12,14
"322",1,2,18,2,1,2,4,2,5,3,2,2,2,2,1,2,0,1,2,2,2,2,2,4,3,2,1,4,5,11,12,11,11,2,1,2,0,1,2,1,2,2,2,4,3,2,1,4,5,2,15,16,16
"323",1,2,18,2,1,2,4,3,5,3,1,1,2,2,1,2,0,1,2,2,1,2,1,4,3,2,1,1,3,2,8,8,8,2,1,2,0,1,2,1,1,2,1,4,3,2,1,1,3,2,10,10,11
"324",1,2,18,2,1,2,4,3,5,3,1,2,2,2,1,3,0,1,2,2,1,2,2,5,4,5,2,3,5,0,10,10,9,2,1,3,0,1,2,1,1,2,2,5,4,5,2,3,5,0,14,13,14
"325",1,2,18,2,1,2,4,4,3,3,1,2,2,2,1,3,0,1,1,1,2,2,1,4,3,3,2,2,3,3,9,12,11,2,1,3,0,1,1,1,2,2,1,4,3,3,2,2,3,0,13,14,13
"326",1,2,18,2,1,2,4,4,5,4,2,2,2,2,2,1,0,1,1,2,2,2,1,3,2,4,1,4,3,22,9,9,9,1,1,2,0,1,2,1,2,2,1,4,3,3,2,2,2,0,12,12,13
"327",1,2,18,2,1,2,4,4,5,4,2,2,2,2,2,1,0,1,1,2,2,2,1,3,2,4,1,4,3,22,9,9,9,2,2,1,0,1,1,1,2,2,1,3,2,4,1,4,3,6,11,12,12
"328",1,2,18,2,1,2,4,4,5,4,2,2,2,1,1,2,1,1,2,1,2,2,1,4,3,3,2,2,2,0,10,10,0,1,1,2,0,1,2,1,2,2,1,4,3,3,2,2,2,0,12,12,13
"329",1,2,18,2,1,2,4,4,5,4,2,2,2,1,1,2,1,1,2,1,2,2,1,4,3,3,2,2,2,0,10,10,0,2,2,1,0,1,1,1,2,2,1,3,2,4,1,4,3,6,11,12,12
"330",1,2,18,2,2,1,4,4,5,5,4,2,2,2,1,2,0,1,2,2,2,2,1,5,4,3,1,1,2,9,15,13,15,2,1,2,0,1,2,1,2,2,1,5,4,3,1,1,2,0,17,17,17
"331",1,2,18,2,2,2,1,1,3,3,1,2,2,2,1,1,3,1,1,1,1,1,2,2,3,5,2,5,4,0,6,5,0,2,1,1,2,1,1,1,1,1,2,2,3,5,2,5,4,0,11,9,0
"332",1,2,18,2,2,2,2,1,1,3,1,2,2,2,4,2,0,2,2,2,2,2,2,4,3,2,4,5,3,14,10,8,9,2,4,2,0,2,2,1,2,2,2,4,3,2,4,5,3,2,9,10,11
"333",1,2,18,2,2,2,2,2,3,3,1,2,2,2,1,4,0,1,2,1,2,2,1,4,5,5,2,4,5,2,9,8,8,2,1,4,0,1,2,2,2,2,1,4,5,5,2,4,5,0,11,11,12
"334",1,2,18,2,2,2,3,3,4,2,2,2,2,1,1,2,1,1,2,2,1,2,1,3,2,4,2,4,4,13,6,6,8,1,1,2,0,1,2,1,1,2,1,3,2,4,2,4,4,10,10,10,10
"335",1,2,18,2,2,2,3,4,4,3,2,2,2,2,1,2,0,1,1,1,2,2,2,4,3,3,1,3,5,11,16,15,15,2,1,2,0,1,1,1,2,2,2,4,3,3,1,3,5,6,16,16,17
"336",1,2,18,2,2,2,4,3,5,4,1,2,2,2,2,1,0,1,1,2,2,2,1,4,2,3,1,2,1,8,10,11,10,2,2,1,0,1,1,1,2,2,1,4,2,3,1,2,1,0,10,10,10
"337",1,2,18,2,2,2,4,4,5,5,2,2,2,2,1,1,0,1,2,2,1,2,2,1,4,2,2,2,1,5,16,15,16,2,1,1,0,1,2,1,1,2,2,1,4,2,2,2,1,0,18,18,17
"338",1,2,19,1,1,2,3,3,3,4,4,2,1,1,1,2,1,1,1,1,2,2,2,4,5,3,1,2,5,0,15,12,12,1,1,2,0,1,1,1,2,2,2,4,5,3,1,2,5,0,10,10,11
"339",1,2,19,2,1,2,3,2,4,1,2,2,2,2,1,1,3,1,2,1,1,1,2,4,5,4,1,1,4,0,5,0,0,2,1,1,0,1,2,1,1,1,2,4,5,4,1,1,4,6,11,9,11
"340",1,2,19,2,2,1,4,3,4,1,4,2,2,2,1,2,0,1,2,1,1,2,1,4,3,1,1,1,1,12,11,11,11,2,1,2,0,1,2,1,1,2,1,4,3,1,1,1,1,4,11,13,14
"341",1,2,20,2,1,1,3,2,4,3,1,2,1,3,1,1,0,1,1,1,2,2,1,5,5,3,1,1,5,0,17,18,18,3,1,1,2,1,1,1,2,2,1,5,5,3,1,1,5,0,14,15,15
"342",1,2,22,2,1,2,3,1,4,4,3,1,2,2,1,1,3,1,1,1,1,1,2,5,4,5,5,5,1,16,6,8,8,2,1,1,3,1,1,1,1,1,2,5,4,5,5,5,1,12,7,8,5
"343",2,1,17,1,1,2,1,1,3,4,4,2,2,2,3,1,1,1,2,2,1,2,2,5,2,1,1,2,1,0,7,6,0,2,3,1,1,1,2,1,1,2,2,5,2,1,1,2,1,0,8,8,9
"344",2,1,17,1,1,2,1,2,3,3,1,2,2,2,1,1,0,1,1,1,2,2,1,3,5,5,1,3,1,14,6,5,5,2,1,1,0,1,1,1,2,2,1,3,5,5,1,3,1,4,7,8,9
"345",2,1,17,1,1,2,1,2,3,4,1,1,1,1,2,2,0,1,1,1,1,2,1,3,2,2,1,2,3,0,12,11,12,1,2,2,0,1,1,1,1,2,1,3,2,2,1,2,3,0,13,13,13
"346",2,1,17,1,1,2,3,1,1,3,4,1,2,2,1,2,0,1,2,2,2,2,1,4,5,4,2,3,1,17,10,10,10,2,1,2,0,1,2,1,2,2,1,4,5,4,2,3,1,10,8,9,9
"347",2,1,17,1,1,2,4,4,5,4,3,2,2,1,2,2,0,1,2,2,2,2,1,4,3,3,1,2,5,4,12,13,13,1,2,2,0,1,2,2,2,2,1,4,3,3,1,2,5,2,12,12,12
"348",2,1,17,2,1,2,2,2,3,1,2,2,1,2,1,3,0,1,1,1,2,2,2,3,4,3,1,1,3,8,13,11,11,2,1,3,0,1,1,1,2,2,2,3,4,3,1,1,3,8,10,11,12
"349",2,1,17,2,2,1,3,2,4,3,4,2,1,2,2,2,0,1,1,1,1,2,2,1,2,3,1,2,5,2,12,12,11,2,2,2,0,1,1,1,1,2,2,1,2,3,1,2,5,0,15,14,15
"350",2,1,17,2,2,2,4,4,1,1,1,2,2,2,1,2,0,1,2,2,2,2,2,2,3,4,1,1,1,0,16,15,15,2,1,2,0,1,2,1,2,2,2,2,3,4,1,1,1,4,15,14,15
"351",2,1,18,1,1,2,1,1,3,3,2,2,2,2,4,3,0,1,1,1,1,2,1,4,3,2,1,2,4,2,8,8,10,2,4,3,0,1,1,1,1,2,1,4,3,2,1,2,4,4,10,11,12
"352",2,1,18,1,1,2,2,2,1,3,3,2,1,2,2,3,0,1,1,2,1,2,1,5,3,3,1,3,4,2,10,9,10,2,2,3,0,1,1,1,1,2,1,5,3,3,1,3,4,0,14,17,15
"353",2,1,18,1,1,2,4,4,3,5,3,1,2,1,3,2,0,1,2,2,1,2,2,3,2,2,4,2,5,10,14,12,11,1,3,2,0,1,2,1,1,2,2,3,2,2,4,2,5,0,7,5,0
"354",2,1,18,1,1,2,4,4,5,1,4,2,2,2,3,1,0,1,2,2,2,2,2,4,4,3,2,2,5,7,6,5,6,2,3,1,0,1,2,1,2,2,2,4,4,3,2,2,5,4,7,9,10
"355",2,1,18,1,2,2,4,4,3,3,4,2,2,2,2,3,0,1,1,1,1,2,1,5,4,4,1,1,1,0,19,18,19,2,2,3,0,1,1,1,1,2,1,5,4,4,1,1,1,0,15,17,17
"356",2,1,18,1,2,2,4,4,5,4,1,2,2,2,1,2,0,1,1,2,2,2,1,5,4,3,3,4,2,4,8,9,10,2,1,2,0,1,1,1,2,2,1,5,4,3,3,4,2,1,13,14,14
"357",2,1,18,2,1,2,1,1,3,3,1,2,1,2,2,2,1,1,1,1,2,2,1,1,1,1,1,1,5,0,6,5,0,2,3,2,2,1,1,1,2,2,2,3,4,4,2,2,5,3,7,8,7
"358",2,1,18,2,1,2,1,1,3,3,1,2,1,2,2,2,1,1,1,1,2,2,1,1,1,1,1,1,5,0,6,5,0,2,2,2,0,1,1,1,2,2,1,1,1,1,1,1,5,6,11,12,9
"359",2,1,18,2,1,2,2,3,1,4,1,2,2,1,2,1,0,1,2,2,1,2,2,5,2,3,1,2,4,0,11,10,10,1,2,1,0,1,2,1,1,2,2,5,2,3,1,2,4,0,10,10,10
"360",2,1,18,2,1,2,3,3,3,3,2,2,2,2,1,2,0,1,1,2,1,2,2,4,1,3,1,2,1,0,15,15,15,2,1,2,0,1,1,1,1,2,2,4,1,3,1,2,1,1,16,16,16
"361",2,1,18,2,1,2,3,3,4,4,1,2,1,1,1,2,0,1,2,1,1,2,2,5,3,4,1,1,5,0,10,9,9,1,1,2,0,1,2,1,1,2,2,5,3,4,1,1,5,0,10,10,10
"362",2,1,18,2,1,2,3,3,4,4,3,2,2,2,2,2,0,1,2,1,1,2,2,4,3,2,1,3,3,0,11,11,10,2,2,2,0,1,2,1,1,2,2,4,3,2,1,3,3,6,13,12,13
"363",2,1,18,2,2,2,1,1,1,4,1,2,2,1,2,3,0,1,1,1,1,2,1,5,3,2,1,1,4,0,18,16,16,1,2,3,0,1,1,1,1,2,1,5,3,2,1,1,4,0,19,17,18
"364",2,1,18,2,2,2,3,1,5,4,1,2,2,2,1,2,0,1,2,2,1,2,1,4,3,4,1,1,1,0,7,9,8,2,1,2,0,1,2,1,1,2,1,4,3,4,1,1,1,4,15,15,16
"365",2,1,19,1,1,2,2,3,4,3,1,1,2,2,1,3,1,1,1,1,2,2,1,5,4,2,1,2,5,0,7,5,0,2,1,3,1,1,1,1,2,2,1,5,4,2,1,2,5,4,10,11,10
"366",2,2,17,1,1,2,4,3,4,3,2,1,2,2,2,2,0,1,2,2,2,2,2,4,5,5,1,3,2,4,13,11,11,2,2,2,1,1,2,2,2,2,2,4,5,5,1,3,2,4,10,11,11
"367",2,2,17,2,1,2,2,3,3,4,2,2,2,1,2,2,0,1,1,1,2,2,1,4,4,3,1,1,3,2,11,11,10,1,2,2,0,1,1,1,2,2,1,4,4,3,1,1,3,4,14,15,16
"368",2,2,17,2,1,2,3,3,2,3,1,2,2,2,2,2,0,1,2,2,1,2,1,4,5,4,2,3,3,2,13,13,13,2,2,2,1,1,2,1,1,2,1,4,5,4,2,3,3,4,8,9,10
"369",2,2,17,2,2,2,3,1,4,4,1,1,2,2,2,1,0,1,1,1,1,2,1,2,4,5,3,4,2,3,14,16,16,2,2,1,0,1,1,1,1,2,1,2,4,5,3,4,2,6,10,10,10
"370",2,2,18,1,1,2,1,3,1,3,1,2,1,2,2,2,0,1,2,2,1,2,1,3,3,4,2,4,3,4,10,10,10,2,2,2,0,1,2,2,1,2,1,3,3,4,2,4,3,0,8,10,9
"371",2,2,18,1,1,2,2,1,3,3,3,1,2,2,2,1,0,1,1,1,2,2,2,4,4,3,1,3,5,5,7,6,7,2,2,1,0,1,1,1,2,2,2,4,4,3,1,3,5,0,7,7,0
"372",2,2,18,1,1,2,3,2,3,3,1,1,2,2,2,1,1,1,2,1,1,2,1,2,5,5,5,5,5,10,11,13,13,2,2,1,0,1,2,1,1,2,1,2,5,5,5,5,5,8,9,10,11
"373",2,2,18,1,1,2,4,2,3,3,2,2,1,1,2,1,1,1,1,2,1,2,1,5,4,3,4,3,3,14,6,5,5,1,2,1,1,1,1,2,1,2,1,5,4,3,4,3,3,0,7,7,0
"374",2,2,18,1,2,2,1,2,1,4,3,2,2,1,3,1,0,1,2,2,2,1,2,4,3,3,2,3,3,3,14,12,12,1,3,1,0,1,2,1,2,1,2,4,3,3,2,3,3,3,9,10,10
"375",2,2,18,1,2,2,3,2,4,3,1,1,2,2,3,1,0,1,1,1,1,2,1,4,4,1,3,4,5,0,11,12,10,2,3,1,0,1,1,1,1,2,1,4,4,1,3,4,5,4,10,11,11
"376",2,2,18,2,1,2,4,4,5,5,2,1,2,1,1,2,0,1,1,2,2,2,1,3,2,4,1,4,2,4,15,14,14,1,1,2,0,1,1,1,2,2,1,3,2,4,1,4,2,4,17,18,19
"377",2,2,18,2,2,2,1,1,3,4,2,1,2,1,2,1,0,1,1,1,1,2,2,3,3,2,1,2,3,4,10,10,10,1,2,1,0,1,1,1,1,2,2,3,3,2,1,2,3,2,14,13,14
"378",2,2,18,2,2,2,1,3,1,4,1,2,2,2,1,1,1,1,1,1,1,1,2,4,3,3,2,3,3,7,8,7,8,2,1,1,0,1,1,1,1,1,2,4,3,3,2,3,3,0,9,10,9
"379",2,2,18,2,2,2,4,4,5,4,3,2,2,2,2,3,0,1,1,2,1,2,2,4,2,2,2,2,5,0,13,13,13,2,2,3,0,1,1,1,1,2,2,4,2,2,2,2,5,0,15,16,16
"380",2,2,19,1,1,2,1,1,3,3,2,2,2,3,3,1,1,1,2,1,1,2,1,4,4,4,3,3,5,4,8,8,8,3,3,1,1,1,2,1,1,2,1,4,4,4,3,3,5,4,8,9,10
"381",2,2,19,1,1,2,1,1,3,4,2,2,2,3,3,2,3,1,1,1,1,2,1,5,4,4,3,3,2,8,8,7,8,3,3,2,1,1,1,1,1,2,1,5,4,4,3,3,2,8,10,9,11
"382",2,2,19,1,1,2,1,1,3,4,3,2,1,2,2,1,1,1,1,1,1,2,1,4,3,2,1,3,5,0,6,5,0,2,2,1,1,1,1,1,1,2,1,4,3,2,1,3,5,0,5,8,0
